   1.4430787e+00
  -5.4060143e+00
   4.3975055e+00
   8.8501658e-01
   9.8605478e-01
  -4.5507206e+00
  -4.2579258e+00
  -7.0838584e-01
  -1.0073678e+00
  -4.8323011e+00
   5.0205727e+00
  -1.8087732e+00
   1.7351467e+00
   2.1802017e+00
   3.3099591e+00
   4.5388164e+00
  -1.2583862e+00
   4.9447567e+00
   4.2523790e+00
   3.5448132e+00
  -5.4340786e+00
  -4.6346749e+00
  -2.1601945e+00
   3.4134585e+00
  -2.8331138e+00
  -2.6038097e+00
   2.6921105e+00
  -1.9905983e+00
   1.3014823e+00
   2.6033332e+00
  -4.1369080e+00
   4.9764592e+00
   1.7696041e+00
   5.0092884e+00
   1.8064239e+00
  -2.0237104e+00
   2.6812125e+00
  -4.4207130e+00
  -5.3056061e+00
   1.6273785e+00
   4.7798971e+00
  -3.8837189e+00
  -1.8110634e+00
  -4.2198945e+00
   4.9956166e+00
   7.8686121e-01
  -5.1895172e+00
   4.8479515e+00
   4.3799054e+00
  -5.8052532e+00
   3.8597658e+00
   5.0054205e+00
   1.8272989e-01
   6.9869887e-01
  -2.3017479e+00
  -5.5024973e+00
  -3.7626170e+00
   4.8949145e+00
  -3.8455872e-01
   2.9349409e+00
   2.9210508e+00
   4.8115630e-01
  -4.4791291e-01
  -1.5550216e+00
   5.0032394e+00
  -4.7813222e+00
  -2.9967592e+00
  -3.3095263e+00
  -4.2099393e+00
  -2.1183747e-01
  -2.5622171e+00
  -4.1122563e+00
  -1.4748584e+00
  -2.8948322e+00
  -3.2713095e+00
   5.0261661e+00
   3.9426671e+00
   1.8088014e+00
  -5.1277822e+00
   1.4084758e+00
  -3.4173388e+00
   4.1546772e+00
  -3.2446697e+00
   2.6849585e+00
  -3.3416869e+00
  -1.2141392e-01
   4.3605687e+00
  -6.2574729e+00
  -3.0664614e+00
   4.7625127e+00
  -4.4766724e+00
  -1.0857900e+00
   4.9149070e+00
   3.6389253e+00
  -1.0916639e+00
  -5.6440892e+00
   2.7277669e+00
  -3.4697600e-01
   4.7811437e+00
  -5.8086563e+00
   5.0025325e+00
   1.0501342e+00
   7.0574519e-01
  -3.1435769e+00
   4.5511495e-02
   4.7123929e+00
  -5.6674543e+00
   2.8188894e-01
  -3.0952347e+00
  -5.4552932e+00
  -3.2691433e+00
  -5.0818620e+00
  -3.5078236e+00
  -5.9381880e+00
  -2.6827784e+00
  -4.2860981e-01
   3.2373097e+00
  -4.3154814e+00
  -3.7965404e+00
  -4.5857258e+00
   5.0228694e+00
   4.9521734e+00
  -9.2980791e-01
  -1.8363216e+00
   4.7838822e+00
  -1.4404109e+00
   1.5476751e+00
   4.1659079e+00
   2.2101411e+00
   2.3340058e+00
   5.0005901e+00
   4.9653925e+00
  -3.3323522e+00
  -4.8006092e+00
  -6.4571438e+00
   4.2846553e+00
   2.1456823e+00
  -3.6566700e+00
  -6.0145828e-01
  -4.0173624e+00
   5.0253150e+00
   4.5977713e+00
  -4.6821915e+00
   1.2261066e+00
   1.7028372e+00
  -5.2904241e+00
   4.6748411e+00
   6.4456939e-02
   4.9816276e+00
  -3.8817893e+00
   4.3368725e+00
   6.9350323e-01
  -2.7884323e+00
   4.8206476e+00
   3.8427752e+00
   4.0165767e+00
  -8.6758418e-01
  -3.3847703e+00
   2.8804624e+00
  -3.6268626e-01
   4.5826434e+00
   5.1305554e-01
  -4.9522851e+00
   4.3324640e+00
  -6.5491671e-01
  -3.9252234e+00
   1.6257291e+00
  -7.8186571e-01
  -4.7155722e+00
   1.1940572e+00
  -3.2237865e+00
  -5.5837227e+00
  -4.4282012e-01
  -2.1045832e+00
   4.0951173e-01
   5.0165175e+00
  -2.1086279e+00
   1.0036316e+00
   4.7589347e+00
   2.4223182e+00
   4.4589398e+00
   9.2152771e-01
  -5.4206585e+00
   1.9064152e+00
   4.9966835e+00
   4.6449703e+00
  -4.9275254e+00
  -1.6714762e+00
   1.9960710e+00
   4.8325893e+00
  -5.3293851e+00
   1.9484785e+00
   4.2150321e+00
   1.7514855e+00
  -1.1093079e+00
   1.7298163e+00
   1.1933858e+00
  -4.1178338e+00
   2.7227405e+00
  -4.4700153e+00
  -5.3617882e+00
  -2.8839998e-01
   2.9063562e+00
   3.0277831e+00
   2.0157354e+00
  -2.7692497e+00
   4.9071307e+00
  -2.1781799e+00
  -5.7215919e-01
   4.9928223e+00
   1.3902142e+00
  -2.4597997e+00
  -6.2670477e+00
   1.0665410e+00
  -4.0422094e+00
   4.0168618e-01
  -3.1956657e-01
   1.8264084e+00
  -2.8159678e+00
   4.9374615e+00
  -5.6086102e+00
   5.0007356e+00
   4.3459432e+00
  -3.9043449e-01
  -2.9808518e+00
   3.5782207e+00
   4.7316311e+00
  -1.8180918e-02
  -1.9360300e-01
  -3.2871174e+00
   2.5594700e+00
  -5.9770794e+00
  -4.2354791e+00
  -3.8332646e+00
  -3.1418469e+00
   5.0261548e+00
   1.1742988e+00
  -4.9694049e+00
  -1.3632168e+00
  -6.9334490e-01
  -3.9713544e-01
   4.4153123e+00
   2.7175715e+00
  -8.0398470e-02
  -2.8102046e+00
   4.5620559e+00
   9.5767309e-01
  -4.9448650e-01
  -3.4978691e+00
   4.9708330e+00
  -3.6602495e+00
  -2.7564534e+00
   4.1317998e+00
  -3.8361532e+00
  -3.9661031e+00
  -5.1009085e+00
   4.6665381e+00
  -3.7970872e+00
  -1.8163112e+00
   1.7832153e+00
   4.0174264e+00
   4.9811234e+00
  -4.9118189e+00
  -5.3695570e+00
   4.7483271e+00
   4.5654279e+00
   3.5572899e+00
   6.2780274e-01
  -2.1096477e+00
  -1.5258868e+00
   1.0288079e+00
   4.4914935e+00
   4.7056202e+00
   4.5095213e-01
   2.5600693e+00
   4.1782542e+00
  -4.2391887e+00
   4.8335335e+00
  -4.5963558e+00
   2.2484470e+00
   1.3562294e+00
   5.0186098e+00
   1.8731751e+00
   2.8274402e-01
  -2.4444704e+00
   2.4974395e+00
   2.3242016e+00
   4.9711008e+00
   4.8112632e+00
   3.5438431e+00
  -1.4147466e+00
  -4.0782453e+00
  -4.7693522e+00
   2.5567842e+00
   8.2529601e-01
   3.2655563e+00
  -2.2671689e+00
  -2.9701627e+00
  -1.6114962e+00
   4.2019657e+00
   4.8996018e+00
  -4.2247216e+00
  -2.4515561e+00
   4.5443625e+00
   4.6558814e+00
  -5.4467611e+00
  -3.4989356e+00
   3.8169205e+00
   4.1275326e+00
   4.9654655e+00
  -7.7155917e-01
  -4.5904601e+00
   2.8043185e+00
   5.5223682e-01
   4.7955226e+00
  -4.5769608e+00
   4.9352675e+00
  -5.4232966e+00
   2.9831896e-01
   4.6802207e+00
  -4.6967384e+00
   5.0465171e+00
   4.0965221e+00
   1.6171906e+00
  -2.8238886e+00
  -2.6967913e+00
   3.8411104e+00
  -4.8330236e+00
   3.4990228e+00
   2.6044459e-01
  -3.6898574e+00
   4.8542058e+00
   2.6200470e-03
   1.9072045e+00
   2.9081551e+00
   1.6409888e+00
  -2.5192056e+00
  -3.6780031e+00
   3.5102275e+00
   4.7328430e-01
   4.9332459e+00
   3.5456428e+00
   4.0083533e+00
  -3.5477813e+00
  -1.2312274e+00
   4.9802039e+00
   3.1122831e+00
  -4.2581521e+00
   3.3298237e+00
  -3.7924198e+00
  -4.5696387e+00
  -6.0606513e+00
   4.9841666e+00
  -2.2934994e+00
   1.6248169e+00
  -2.4374610e+00
  -3.9173017e+00
   4.3927295e+00
  -3.7099375e+00
   4.7916933e+00
   9.7683973e-01
   4.5561329e+00
  -4.0076379e+00
  -2.9437973e+00
  -2.8354803e+00
   3.7459194e+00
  -4.4814320e+00
  -2.9886541e+00
  -4.7586307e+00
  -2.2158478e-01
  -1.3758418e+00
   3.9808641e+00
   8.6567955e-02
  -5.3196278e+00
  -3.4599837e-01
  -5.7536710e+00
   5.0081429e+00
   4.0544148e+00
  -5.8209283e+00
   2.5322368e-02
   4.6991830e+00
   2.5288937e+00
   4.9141377e+00
  -3.7276822e+00
  -5.4253352e+00
  -6.2917414e+00
   2.7310891e+00
  -5.4623760e+00
   4.8065443e+00
   4.1014033e-01
   4.5008160e+00
   3.3566062e+00
  -4.3655373e+00
  -3.7284123e+00
   2.8336386e+00
   3.5233911e+00
   3.4504132e+00
   3.8366418e+00
   1.4066089e+00
   4.0380549e+00
  -3.6718613e+00
  -6.4316383e+00
  -4.6756890e+00
   3.0258867e+00
  -3.7422149e+00
   2.3520668e+00
   5.0254482e+00
   1.6064494e+00
  -1.9990095e+00
  -1.4725195e+00
  -3.4156297e+00
   2.7552905e+00
   2.1381598e+00
  -9.7424341e-01
   3.8303358e+00
  -4.5551690e+00
  -5.8970524e+00
   2.3625369e+00
  -3.9551517e-01
  -3.7215575e+00
  -5.4143415e+00
   4.9940666e+00
  -4.7325673e+00
  -4.1388453e+00
   4.3659382e-01
   2.7060338e+00
  -1.5860525e+00
   1.1175439e+00
   4.9252115e+00
   4.8578356e+00
   3.5095019e+00
  -2.2738722e-01
  -3.0445993e+00
   3.3038136e+00
   4.9854768e+00
   4.7921637e+00
  -3.4842555e+00
   7.2212115e-01
  -3.5040695e+00
   3.0617278e+00
   1.6094995e+00
   7.8028660e-01
   4.6420646e+00
  -1.5644656e+00
   2.1814923e+00
  -3.9437435e+00
   4.3577195e+00
  -1.3483572e+00
   4.7713903e+00
   4.6151209e+00
  -2.0433271e+00
   3.3997582e+00
  -2.5484081e+00
   4.2222924e+00
   5.0226700e+00
   4.6229334e+00
  -2.5711923e+00
   3.6174071e+00
   4.7317940e+00
  -4.5244182e+00
  -3.9335260e+00
   3.3273674e+00
  -2.5140224e+00
   4.8656628e+00
  -1.0948413e+00
  -3.3282746e+00
   5.6200509e-01
   3.6375458e+00
  -1.9933069e+00
   3.7075257e+00
   2.2603837e+00
   2.6170053e+00
   4.2585542e+00
   9.1215960e-01
  -3.8597227e+00
  -2.9975501e+00
  -3.2026043e+00
  -1.6235094e+00
  -4.5863463e+00
  -3.0008683e+00
   3.8622962e+00
   4.3758147e+00
  -4.5003642e+00
   2.7203909e+00
  -4.0200089e+00
   3.5968697e+00
   3.6750563e+00
   4.7178687e+00
  -9.4511450e-01
   5.0096314e+00
  -5.8968893e+00
   4.4565132e+00
  -5.7138575e+00
  -3.6333063e+00
   4.6794944e+00
   4.9811694e+00
   1.1021127e-01
  -2.5521659e+00
   3.1256916e+00
   1.9092206e+00
  -6.0561085e+00
  -2.0464071e+00
   1.1651517e+00
   4.8192326e+00
  -1.8337518e+00
   2.8895659e+00
  -1.5182372e+00
  -6.2703245e+00
   3.0910630e+00
   3.1156590e+00
   1.3011007e+00
   1.6999038e+00
  -4.8516804e+00
   8.1957627e-01
   1.4730513e-01
   1.1328578e+00
   6.9533776e-01
   4.2712280e+00
  -4.6895823e+00
   3.5370952e+00
  -4.9228232e+00
   3.9162573e+00
   3.1968169e+00
  -5.9949798e+00
  -3.9902360e+00
  -1.6680799e+00
   4.6813716e+00
  -1.3603943e+00
  -4.8062987e+00
  -1.9178705e+00
   4.0297603e-01
  -3.8581236e+00
   3.8835416e+00
   4.7345860e+00
   4.9750002e-02
  -6.1984227e+00
  -1.8885747e+00
  -4.7103881e+00
   2.7711611e+00
   2.4968874e+00
  -3.7042977e+00
  -4.1579240e+00
  -1.8530306e+00
  -4.1221036e+00
   4.7455484e+00
  -1.1346311e+00
  -4.2876959e-01
   5.0255107e+00
  -1.7274776e+00
   5.0313502e+00
  -5.7379265e+00
   3.6148733e+00
  -2.7103142e+00
   9.4988765e-01
   2.7518951e-01
   3.9239630e+00
   3.6250916e+00
   2.8538479e+00
  -5.8088995e+00
  -2.6053442e+00
   3.9974835e+00
   1.9363324e+00
   1.8862090e+00
  -5.2587045e+00
  -1.1115504e+00
   4.0481551e+00
  -1.5229212e+00
   8.7887712e-01
  -1.7243239e+00
  -3.3785109e+00
   4.9074931e+00
   1.7212267e+00
   1.2586671e+00
  -2.1990189e+00
  -2.1923386e-01
   7.5539552e-01
  -1.8302833e+00
   4.9454763e+00
   4.8587246e+00
  -6.4118422e+00
   3.6238871e+00
  -3.4859444e+00
  -3.3625021e+00
   2.1371756e+00
   4.3474444e+00
   2.0030964e+00
  -1.9172218e+00
   5.0083653e+00
  -5.7635416e+00
   2.7667901e+00
  -1.3567398e+00
   4.6042509e+00
   4.1188019e-01
  -3.6724532e+00
   4.3486468e+00
   1.9950668e-01
  -4.6900142e+00
  -2.4834596e+00
   7.6872411e-01
   1.7654574e+00
   2.5270605e+00
   4.9488563e+00
   5.0314177e+00
   3.1336349e+00
  -5.4959936e-01
  -3.1154684e-01
  -3.2535389e-01
  -2.5677513e+00
   4.7026701e+00
  -1.7098324e+00
   3.6029829e+00
   9.0965650e-02
  -5.9615535e+00
   2.3645407e+00
   4.3586225e+00
  -4.4101844e+00
   4.5925709e+00
   4.6000308e+00
   3.9717557e+00
   1.8395454e+00
  -8.0671880e-01
  -4.7160187e+00
  -9.3457443e-01
   3.0784975e+00
  -2.6402731e+00
   2.7444261e+00
  -3.4855380e+00
  -4.5827415e+00
   1.8452988e+00
   4.7216259e+00
   4.9476316e+00
  -3.2371334e+00
  -3.6938527e+00
  -5.8864113e-01
  -5.3519425e+00
  -4.7103333e+00
  -4.5435930e+00
  -6.1378172e+00
   1.8300548e+00
   3.3398898e+00
   3.4826626e-01
   8.1411872e-03
  -8.5693761e-01
   3.5905994e+00
   3.7179155e+00
  -3.7424357e+00
  -1.1884431e+00
   5.0133934e+00
   3.8240843e+00
   3.4164562e+00
  -5.4567009e+00
  -1.0173843e+00
  -5.7407793e-01
   3.7135532e+00
   2.6320508e+00
   2.4933229e+00
   2.1861631e+00
   3.7339256e+00
  -2.4318445e+00
   3.2499725e+00
   4.9420821e+00
   4.9039569e+00
   5.0338232e+00
   6.5399491e-01
  -5.4265823e+00
   2.2472166e+00
  -2.7378278e+00
  -4.6961294e+00
  -5.4445762e+00
   4.5226007e+00
   4.9186645e+00
   3.1083887e-01
   3.3562660e+00
   1.2707773e+00
   3.9549038e+00
  -9.6887398e-01
  -2.5921193e+00
  -5.7413773e+00
   1.7565204e-01
   9.0583413e-01
   4.8524543e+00
   2.0587161e+00
  -3.6559853e+00
   3.2189088e+00
  -1.7301977e+00
  -3.1643446e+00
   2.9495179e+00
  -5.4047050e+00
  -4.0597369e+00
  -2.2484516e+00
   1.5643765e+00
  -1.1381872e+00
   4.6461316e+00
   4.8760533e+00
   3.7525479e+00
   3.6693349e+00
  -1.3150754e+00
  -3.0951397e+00
   4.9855642e+00
  -5.1000924e+00
   3.1992539e+00
   3.7515566e+00
   2.2865133e+00
   4.9555107e+00
  -4.6029564e-01
   4.5801317e+00
   3.2864917e+00
  -3.1331452e+00
   4.9786848e+00
  -1.6060550e+00
  -2.1653747e+00
   4.0137317e+00
  -5.3331537e+00
   2.5706749e-01
   8.9436398e-01
  -3.5764192e+00
   1.9175303e+00
   2.9911834e+00
   3.3804126e+00
   4.5884464e+00
  -2.7549899e+00
  -2.1571607e+00
  -1.2820293e+00
   5.0096190e+00
  -4.4592666e+00
   3.6207472e-01
  -5.3808049e+00
   1.2192800e+00
  -8.5685499e-01
   5.0017332e+00
  -3.7245916e+00
   4.5763833e+00
  -5.7637939e+00
   3.1614463e+00
  -5.4718220e+00
   4.7777504e+00
  -3.8319167e+00
  -4.1573130e+00
  -1.4303720e+00
  -3.5108209e+00
   2.1820895e+00
  -5.2801740e+00
  -4.2834943e+00
   4.1539889e+00
  -3.7878702e+00
   2.6008600e+00
  -5.3677784e+00
  -3.7963635e+00
   4.3467413e+00
   5.0286581e+00
   4.4979579e+00
   2.1361663e+00
   4.9419703e+00
  -5.9391442e+00
  -5.3663245e+00
   4.9560854e+00
   4.8167232e+00
  -5.2217517e+00
  -6.8798797e-01
  -4.5265215e+00
  -4.9173708e+00
  -5.3219205e+00
  -2.9373924e+00
   1.2002487e+00
  -3.8215098e+00
  -4.2416410e+00
   4.9894069e+00
  -3.2982221e+00
   4.7683682e+00
  -5.2026122e+00
  -3.1915726e+00
  -1.3762589e-01
  -8.5247712e-01
   7.7644354e-01
  -6.2715545e-01
  -1.8029680e+00
   3.7102492e+00
  -3.1173768e+00
  -2.0433762e+00
  -1.1029929e+00
  -3.6612975e+00
   2.2727340e+00
  -1.7497715e+00
   5.0277836e+00
  -1.4286729e+00
  -3.7871749e+00
   4.4569498e+00
  -5.8161903e-01
   4.8456038e+00
  -3.7056629e+00
   4.4684177e+00
  -4.7410425e+00
  -5.0278904e+00
  -5.1665631e+00
   1.7850274e+00
  -5.4019010e+00
  -4.4597462e+00
   2.4481388e+00
  -5.6160554e+00
   6.9704021e-01
  -2.8719949e+00
   5.3160495e-01
   5.0022155e+00
   5.6509314e-01
  -5.2935410e+00
  -5.5625422e+00
   6.4285799e-01
   4.4863722e+00
   2.8431121e+00
  -2.2938861e+00
   2.3518349e+00
   2.2001425e+00
  -4.0365928e+00
   2.2008511e+00
  -2.1754360e+00
  -9.0653574e-01
   4.8288731e+00
  -1.6847121e+00
   2.4634253e+00
  -4.1551324e+00
  -6.3888593e+00
  -3.9665927e+00
  -3.5452458e+00
  -3.9051616e+00
   3.5923157e+00
  -5.7605148e+00
  -6.3837808e+00
   4.8576844e+00
   1.0505861e+00
  -1.0350722e-01
   3.3550126e+00
  -5.6584512e+00
  -1.2099759e+00
  -2.9113933e+00
   2.4093192e+00
  -1.5840194e+00
  -5.2132619e+00
   4.7537464e+00
   4.1460066e+00
   3.6233473e+00
   2.3273939e+00
   1.3194929e+00
   8.2696339e-01
   4.7827971e+00
  -6.2315497e+00
   2.5483953e+00
  -2.9606278e+00
  -2.4270171e+00
  -4.3964258e+00
  -4.6851367e-01
   4.5571736e+00
   4.6375762e+00
  -1.6169805e+00
  -3.5738140e+00
   4.0921756e+00
   4.5190610e+00
   4.1816163e+00
  -3.4585906e+00
  -4.5528477e+00
   3.7586623e+00
  -3.5790799e+00
   4.8079678e+00
   7.8216501e-01
   2.6282586e-01
   3.5412194e+00
   1.1623495e+00
  -3.5426149e+00
  -1.4296242e+00
  -2.0587849e+00
   4.9979741e+00
   3.2516306e+00
  -3.5457966e+00
  -5.7262028e+00
  -3.1796584e+00
   4.6545012e+00
  -2.0173884e+00
  -3.5060714e+00
  -3.5696568e+00
   2.2506663e+00
  -1.3130222e+00
   2.6073140e+00
   4.7185772e+00
  -4.5890999e+00
  -7.7850873e-01
  -4.8137813e+00
  -3.1170858e+00
  -3.4448585e+00
   4.6802604e+00
   2.8915540e+00
   2.6172987e+00
   4.7677440e+00
   3.0748340e+00
  -5.2733816e+00
  -4.6443826e+00
  -5.2352673e+00
   4.7930773e+00
  -8.6480810e-01
   4.8701899e+00
   2.5428385e+00
   9.4780096e-01
   1.8030726e+00
  -1.5670106e+00
  -2.9526063e+00
   4.1204938e+00
   2.3930135e+00
  -5.5558528e+00
   1.1068933e+00
  -5.7490019e+00
  -2.1825976e+00
   3.5153290e+00
   4.8182836e+00
   3.7062662e+00
   1.5720679e-01
   4.7064473e+00
  -2.7093212e-01
   1.5125823e+00
   2.6741970e+00
  -1.8598589e+00
   4.5162533e+00
  -5.4426244e+00
  -3.6109341e+00
   4.5146102e+00
  -2.1601153e+00
   6.8073426e-01
  -1.5957600e+00
  -4.5858230e+00
   1.9411091e+00
  -4.1899198e+00
   1.6855817e+00
   1.9728097e+00
  -2.5169788e+00
  -3.2201866e+00
   3.8222684e+00
  -4.3132760e-01
  -2.8457023e+00
  -2.3273109e+00
   7.0059625e-01
   2.5627588e+00
  -5.8953258e+00
  -2.3953745e+00
   5.0392036e+00
  -1.3320654e+00
   6.2034711e-01
   4.6433129e+00
   3.3861612e+00
  -5.6489065e-01
  -4.8848079e+00
  -2.9903097e-01
  -2.1234871e+00
  -3.9358750e+00
  -2.2138079e+00
   4.7938947e+00
   3.3195810e+00
  -6.1971757e-01
  -4.0095813e+00
   3.3832771e+00
  -4.7099530e+00
   4.5135267e+00
   5.7657390e-01
   4.9978672e+00
  -5.3342360e+00
   1.5164371e+00
  -4.5567090e+00
   4.9741752e+00
  -1.7464878e+00
   4.3871020e+00
   4.9494628e+00
  -1.9511274e+00
  -4.0224732e+00
  -5.8993162e+00
  -3.0422268e+00
   4.4889356e+00
  -6.4394323e+00
   7.1013466e-01
   4.7881013e-01
  -5.1646440e+00
   4.9247780e+00
   2.2670814e+00
   4.9607854e+00
   2.0045754e-01
  -2.2144465e+00
  -2.9347654e+00
  -2.2776641e+00
  -2.5969580e+00
   5.0417833e+00
  -1.6262113e+00
   4.9412421e+00
   3.6452300e+00
  -1.0053149e+00
  -6.1605177e+00
  -5.4682312e+00
  -4.0916544e+00
   4.8910476e+00
   4.4383917e+00
   1.0292028e+00
  -1.7966666e+00
   5.1973743e-01
  -6.4412003e+00
  -3.7784344e+00
  -5.6420692e+00
   5.0067173e+00
   2.3320376e+00
  -2.3651831e+00
  -5.8055382e+00
  -4.4731058e+00
   3.3748498e+00
   1.8525577e+00
  -4.9823039e+00
   5.2427112e+00
  -4.8943607e-01
  -4.7193919e-01
   4.0690971e+00
   4.8390553e+00
  -4.1739574e+00
  -3.8161355e+00
  -1.9582176e+00
   5.3761055e+00
   1.4875073e+00
   2.1252015e+00
   3.3662538e+00
   1.0454720e+00
  -3.7131977e+00
   3.7131103e+00
  -4.4758053e+00
  -5.0231616e+00
  -5.0322840e+00
  -4.3206952e+00
   5.5374487e+00
   4.9827118e+00
   4.7986936e+00
  -2.0840029e-01
   5.7441892e-01
   4.1853937e+00
  -3.8794659e-01
   3.9771398e+00
  -3.3182040e+00
  -4.4105527e+00
  -1.6312601e+00
   1.7424212e+00
   3.9792147e+00
  -1.9072558e+00
   3.4582952e-01
  -5.5880226e+00
  -5.3197851e-01
   4.0001036e-02
   4.5206203e+00
  -3.2137901e+00
   1.4887589e+00
  -2.1790197e+00
  -1.8775921e+00
  -3.4692901e+00
  -2.5748735e-01
  -5.0831288e+00
  -4.8441339e+00
   5.1893472e+00
  -2.3282952e-01
  -8.9508857e-01
   1.5254578e+00
  -5.1695745e+00
  -4.3006724e+00
  -3.4131954e+00
  -4.4865188e+00
   4.1579075e+00
  -4.0079200e+00
  -1.8543452e-01
   4.0723397e+00
  -1.9397318e+00
  -5.0871962e+00
   7.3467975e-01
  -5.3365079e+00
  -5.5465040e+00
   3.9811276e+00
   4.5377409e+00
  -5.0186220e+00
   2.6255087e+00
   4.4722665e-01
   3.4414490e+00
   4.6536574e+00
  -3.5054888e+00
   4.7010208e+00
  -1.9834356e+00
  -3.5067646e+00
   2.8501125e+00
  -3.5755219e+00
   2.0424238e+00
  -4.8920512e+00
   2.0884095e+00
   5.1510134e-02
   4.6822245e+00
   1.2081559e+00
   1.3763128e+00
   5.5380591e+00
  -1.9234178e+00
   2.7335069e+00
  -4.2409861e+00
  -1.0847315e+00
  -4.0624518e+00
   4.7565172e+00
  -1.7228444e+00
  -1.1338690e+00
  -1.2413787e+00
   5.2771000e+00
  -4.0860290e+00
  -4.7477155e+00
  -5.5123209e+00
   2.0904983e+00
   1.9248822e+00
  -5.9019794e+00
   2.5585587e+00
  -9.5900874e-01
  -4.9792775e+00
  -3.5365381e+00
   6.2418180e-01
  -2.0031112e+00
   2.4773451e+00
   5.8242295e+00
   4.2196788e+00
   1.8017836e+00
  -4.1094380e+00
  -3.1841286e+00
   3.8440151e-01
   5.0947233e-01
  -5.6303168e+00
  -4.4363272e+00
  -1.0271935e+00
  -5.6469530e+00
   4.2456172e+00
  -2.5024809e+00
   4.6455720e+00
  -4.4644747e+00
  -2.6542405e-01
  -1.4060466e+00
   3.6018037e+00
  -3.7455717e+00
   1.6589374e-01
   2.6588926e+00
  -3.8680977e+00
   1.3045194e+00
   5.9676322e+00
   1.1995376e+00
   4.9012950e-01
  -1.6114505e+00
   2.3584108e+00
   5.4229777e+00
   4.9512350e+00
  -1.4466711e+00
  -1.2067946e+00
   5.9210809e+00
  -1.1519484e+00
   3.3565431e+00
   3.0766560e+00
   4.5361815e+00
  -3.2341504e+00
   2.2010122e+00
   2.5162953e+00
  -3.8299550e+00
  -4.3313018e+00
   4.7389264e+00
   4.3934387e+00
  -4.7944710e+00
  -2.4439121e+00
  -4.9817890e+00
   2.9424553e+00
  -2.1760146e+00
  -5.0783278e+00
   3.2347382e+00
  -5.1061721e+00
  -5.1371688e+00
  -4.2768958e+00
   4.2455379e+00
   4.4776997e+00
  -8.6712501e-01
   4.8518467e+00
   3.8241394e+00
  -4.0687097e+00
   6.1804552e-01
  -5.5593085e+00
   4.8474122e+00
  -1.0000823e+00
   4.1433846e+00
  -1.7963511e+00
   5.1144610e+00
  -5.1478564e-01
   5.1655433e+00
   1.3568075e+00
  -1.3779423e+00
   1.5633737e+00
  -5.5139661e+00
   4.4363152e+00
  -1.3160655e+00
   9.7502444e-02
   4.5815865e+00
  -2.5234551e+00
   4.3964023e+00
   5.3053778e+00
   4.6917679e+00
  -4.0579953e+00
  -4.3312778e+00
  -3.7412751e+00
   1.4879032e+00
  -8.0331412e-01
  -5.0797517e+00
   3.8861804e+00
   4.0826349e+00
  -5.4576172e+00
  -4.0123491e+00
   1.5140695e+00
   4.3410245e+00
  -5.1953007e+00
  -9.9289000e-02
  -4.4841638e+00
  -3.8951379e+00
   2.1590141e-01
  -5.5465881e+00
  -2.6800168e+00
   4.3686182e+00
  -5.9435812e+00
   4.9685834e+00
   3.3303871e+00
  -1.1874922e+00
   1.4631828e+00
   5.7284925e-02
   2.0302947e+00
   5.8313131e+00
   2.5003414e+00
  -2.9369979e+00
  -1.4695400e+00
   4.3965107e+00
   4.5910213e+00
   2.6255863e+00
  -4.1036715e+00
   4.9549855e-01
   8.9172002e-01
   4.3927186e+00
  -3.5118189e+00
  -3.6351190e-01
  -5.4300238e+00
   1.0321413e+00
   3.8715827e+00
   5.5535517e+00
  -4.0066308e+00
  -2.6008837e+00
   4.9440226e+00
  -4.2434674e+00
   3.1217462e+00
   1.9304679e+00
  -5.5775213e+00
  -4.4548974e+00
  -3.0213387e+00
   2.5800554e-01
  -2.7795510e+00
   3.0406926e+00
  -3.6083538e+00
  -1.6860744e+00
   5.9597492e-01
  -1.8322985e+00
   2.3935358e+00
   4.9841650e+00
   5.6919544e+00
  -5.0298173e+00
  -2.3125384e+00
  -1.2315931e+00
   3.8991658e+00
   2.2075653e-01
  -2.1130524e+00
   1.6680317e+00
  -4.3600686e+00
   4.3608232e+00
   3.2448272e+00
  -3.8839826e+00
   5.6931493e+00
   1.8388700e+00
  -1.7302841e+00
  -5.4170305e+00
  -4.4194487e+00
   2.8689360e+00
  -2.7986731e+00
   1.1492377e+00
   1.3800381e+00
  -4.7459531e+00
   4.9717411e+00
  -1.2340614e+00
  -4.1204708e+00
   3.9780034e+00
  -5.6903242e+00
   5.1411981e+00
   4.4497855e+00
  -1.1174433e+00
  -1.8510615e+00
  -3.8656134e+00
   3.5394522e+00
  -3.7927751e+00
   4.1296712e+00
   4.6052751e+00
  -5.1950273e+00
   3.6468298e+00
   5.3648537e+00
   5.3673025e+00
  -5.6706865e+00
   2.4255726e+00
  -1.1193817e+00
   9.6043835e-01
   3.9249668e+00
   1.9041281e+00
   2.4497120e+00
  -1.0934571e-01
   1.4931101e+00
  -3.9619669e+00
   3.1818938e+00
  -1.6020212e+00
   4.8721916e+00
  -7.1902877e-01
   4.3349663e+00
   5.7392111e+00
   1.2578324e+00
  -2.4903313e+00
   5.0278901e-01
   3.3256652e+00
  -3.9825499e+00
  -2.0928338e+00
   3.7425009e+00
   7.9083080e-01
  -2.8643022e+00
   3.8816026e+00
  -2.8905570e+00
  -2.3947473e+00
  -2.9578183e+00
   1.7719730e+00
  -4.0287047e+00
   5.5643658e+00
   7.5246143e-02
   1.0807872e+00
  -4.6313375e+00
  -4.2597792e+00
   3.8034117e+00
  -3.8654068e+00
   4.9795680e+00
   4.8495414e+00
  -3.3900894e+00
   5.5164147e+00
   1.5737669e+00
  -4.1410706e+00
   2.4108127e+00
  -5.1598209e+00
   4.8108458e+00
  -4.5419857e-01
   3.3279137e+00
   3.4414115e+00
  -3.1384385e+00
   4.5247444e+00
   3.6303358e+00
   5.7116270e-01
   4.3153809e-01
  -3.2272885e+00
  -5.4113455e+00
   2.7395880e+00
   1.6172587e+00
   1.7733371e+00
  -5.0302421e+00
  -1.4396245e+00
  -5.4510087e+00
  -2.4355532e+00
  -4.4265848e-01
   5.2794216e+00
  -5.4870076e+00
  -3.8304540e+00
  -4.7367439e-03
  -3.6127458e+00
  -1.4726501e+00
  -4.4843039e+00
  -4.4306730e+00
   2.6490201e+00
  -4.5371135e+00
  -3.2831019e+00
  -4.0169736e+00
  -8.8077621e-01
  -1.6517790e-01
  -2.3923908e+00
   8.9326080e-01
   5.3859574e+00
   2.0416494e+00
   5.1411447e+00
   5.3649204e-01
  -4.8820966e+00
  -1.5017111e+00
  -1.0081010e+00
   3.5439446e+00
  -2.1962271e+00
   2.1547352e+00
   4.1734352e+00
  -1.5364743e+00
   3.1576067e+00
  -1.0752040e-01
  -3.6845186e+00
   4.9842676e+00
  -3.4546299e+00
  -3.0974479e+00
   3.8967124e+00
  -5.5895479e+00
  -2.5578657e+00
  -2.9235217e+00
   1.8832018e-01
  -2.6518828e+00
   4.7883255e+00
   4.4888541e+00
  -5.3094664e+00
  -5.9336986e-01
   3.8919024e+00
  -4.8612882e+00
   4.3342311e+00
  -2.7498019e+00
  -3.5242341e+00
  -4.8536308e+00
   4.3419725e+00
  -3.6826547e+00
  -2.7413709e+00
  -9.3211147e-01
   3.8218088e+00
   5.1118487e+00
  -1.6933323e+00
   6.9816001e-02
   3.9783633e-02
   2.6598751e+00
  -4.6014898e+00
   4.9542563e+00
   3.6598327e+00
  -4.1832932e+00
  -5.4183937e+00
   4.0822459e-01
  -1.7654680e+00
   3.9393198e+00
   4.8979575e+00
   3.5934801e+00
  -4.2251175e+00
   2.5755044e-01
   2.0272264e+00
   3.7462080e+00
  -4.8435229e+00
   2.8004642e+00
  -4.2892978e+00
  -3.9563266e+00
   4.2221558e+00
  -1.7000702e+00
  -5.8162073e+00
  -4.2814767e+00
   4.5655593e+00
   2.5372273e+00
   4.2878614e+00
   2.0782699e+00
  -1.4788892e+00
   3.6948067e+00
   3.4641295e+00
   2.8865856e+00
   2.1206737e+00
  -2.7418890e-01
   2.6903232e+00
  -2.7030027e+00
   3.4648263e+00
   1.9727317e+00
  -2.5348147e+00
   1.5886189e+00
  -4.3976194e+00
   4.1677389e+00
  -1.9821203e+00
   4.7071822e+00
   3.8311106e+00
  -5.2545732e+00
   3.5036689e+00
   3.8365194e+00
   2.7522673e+00
  -4.4114136e+00
  -4.6022295e+00
  -2.6014213e+00
  -4.1179472e+00
  -1.6300028e+00
   3.0587012e+00
  -2.6173902e+00
   3.9288698e+00
   1.6709254e+00
   4.5336135e+00
  -3.9638940e+00
  -3.1119232e+00
   3.9113572e+00
   3.5599356e+00
  -2.9877827e+00
  -3.7950522e+00
  -3.1177877e+00
   1.3890245e+00
   6.0130289e+00
  -6.8454627e-02
   2.5983945e-01
   2.7521410e+00
   1.9439280e+00
   1.0178265e+00
  -2.2973352e+00
  -3.4495469e-01
   4.9650554e+00
  -2.9663562e+00
  -3.2712659e+00
   3.8853895e+00
   1.5372117e+00
   3.6857358e+00
  -5.7971647e+00
  -8.5343576e-01
  -3.6585338e+00
  -4.6392321e+00
   4.9995276e+00
  -7.9380959e-01
   4.6388959e+00
  -3.8515660e+00
  -4.4260769e+00
  -5.2431221e+00
   6.2456892e-01
  -4.5659933e+00
   4.1080088e+00
   4.1519833e+00
   4.6652940e+00
   2.1133801e+00
   2.0824883e+00
  -3.8619539e+00
   3.0501759e+00
  -2.8025888e+00
  -3.5448726e+00
  -2.2500836e+00
  -2.1814871e+00
   3.6908733e+00
  -1.2185704e+00
   4.1372258e+00
   3.1449349e+00
  -3.1619810e+00
  -5.3568554e+00
   3.0028441e+00
   2.4564314e+00
  -2.0628786e+00
  -5.3534735e+00
  -1.1484490e+00
   3.7825865e+00
  -1.2911468e+00
   4.6527921e+00
  -3.5666257e+00
   4.5417148e+00
   7.8413788e-01
  -3.5479545e+00
   3.2320500e+00
   1.1387441e+00
  -4.8309188e+00
   5.4537758e+00
   3.4683204e-01
   5.4184121e+00
   3.8007866e-01
  -2.3477129e+00
  -2.8450921e+00
  -3.9196111e+00
   5.2831840e+00
   4.9809978e+00
   2.4640089e+00
  -2.8096555e+00
  -3.8631068e+00
  -2.2225157e+00
   2.7392829e+00
   3.3215130e+00
  -4.8945033e+00
   4.7884580e+00
   6.2983087e-01
  -3.9331006e+00
   3.2118997e+00
   4.6912767e+00
   5.6307054e+00
   3.5120582e+00
  -2.7260272e+00
   1.6436548e+00
   3.8463053e+00
   5.5337616e+00
  -3.3389652e+00
   4.1030833e+00
  -5.3614551e+00
  -4.4847643e+00
   7.9310073e-01
  -6.8967690e-01
   3.8753514e-01
   2.9238278e+00
  -5.2083078e+00
  -3.6847722e+00
  -5.1404851e+00
  -2.7571116e+00
   4.7308230e+00
   3.6833949e+00
  -9.4076321e-02
   1.3381158e+00
   5.0055499e+00
  -5.9242211e+00
   2.2444831e+00
   5.2358397e+00
   1.8561480e+00
   1.8507644e+00
   4.4149223e+00
   8.0683801e-02
  -3.3998791e+00
  -4.9554126e+00
   4.6519052e+00
  -4.6954720e+00
   7.9036539e-01
  -5.2748605e-01
   4.3503960e+00
  -4.9647874e+00
  -4.8139197e+00
  -5.4191421e+00
  -5.3479737e+00
   1.8930418e+00
  -5.4447235e+00
   3.3298579e+00
  -5.4953526e+00
   3.8240416e-01
   4.4422410e+00
  -2.9322957e+00
  -2.0988322e+00
  -2.6716608e+00
   2.0340236e+00
  -2.3743016e+00
  -4.2525200e+00
  -4.9236757e+00
   3.6992497e+00
  -5.2071133e+00
   4.7087046e+00
  -3.7661977e+00
   4.1773539e+00
   4.7579037e+00
   2.6202896e+00
   4.2142121e+00
   1.7922098e+00
  -3.8098802e-01
   1.9016987e+00
  -3.2249001e+00
  -5.1267243e+00
  -2.4388650e+00
  -4.1327190e-01
  -2.4207862e+00
  -1.1853034e+00
   4.9081522e+00
  -4.1275086e+00
  -5.2179559e+00
  -4.9919776e+00
  -4.2396316e+00
   3.6504297e+00
  -2.6511529e+00
  -3.9148020e+00
  -5.2191925e+00
  -6.8003181e-01
   3.9458420e+00
  -4.0924226e+00
   1.2930296e+00
   3.6951469e+00
   5.0668340e+00
   3.1211226e+00
  -3.5105253e+00
  -4.0604717e+00
   4.1727588e+00
  -3.3872999e+00
   3.9568185e+00
   4.5693814e+00
  -1.5211644e+00
   1.1436288e+00
  -1.0903111e+00
   4.6646326e+00
  -5.8884042e-01
  -4.8288463e+00
  -2.8055982e+00
   7.5584707e-01
  -2.5540593e+00
  -2.9890590e+00
   4.3836976e-01
   4.9616204e+00
  -3.1214994e+00
  -3.9576467e+00
   3.6707303e+00
  -5.6595313e+00
   5.3068116e+00
  -1.1590668e-01
   5.6724735e+00
  -5.4984619e+00
  -1.6288950e+00
  -4.6120011e+00
  -2.4706557e+00
  -4.2485155e+00
  -5.1749992e+00
  -4.3752446e+00
   3.8269342e+00
   3.1813924e+00
  -1.2436484e+00
  -4.3797894e+00
  -4.3224657e+00
   4.9507240e+00
   2.7395156e+00
   1.9308425e+00
  -3.2894265e+00
  -3.3838161e+00
  -4.1171389e+00
  -4.7314243e+00
   1.0646223e-01
  -3.4857364e+00
   3.7460059e+00
  -3.6752552e+00
  -4.1784871e+00
   8.6808880e-01
  -5.1136118e+00
   2.8004215e+00
  -3.7143472e+00
   3.0428517e+00
   3.9637410e-01
   5.6840058e+00
  -3.1334517e+00
   2.6056964e+00
   1.6951180e+00
  -5.4691663e+00
  -5.5826905e+00
   1.6166953e+00
  -5.3955259e+00
   3.3520877e+00
   3.5778308e+00
   1.5531662e+00
  -3.1373578e+00
   3.6718607e+00
  -3.6067490e+00
  -7.5663305e-01
  -2.1702481e+00
  -5.6245749e+00
   2.2757641e+00
  -5.3783892e+00
   3.7399411e+00
  -1.4635547e-02
   1.3773690e+00
   1.9851987e+00
   2.8002125e+00
  -4.6470298e+00
   3.3896423e+00
   1.5162582e+00
  -4.4924067e+00
   5.0598256e-01
  -6.0082348e+00
   4.1779414e+00
  -3.9073654e+00
  -2.4466024e+00
  -3.9402380e+00
  -2.1427626e+00
  -1.9528466e+00
  -4.3294443e+00
  -1.4917617e+00
  -1.3536947e+00
  -2.5039697e+00
  -3.1432727e-01
   1.6297970e+00
   3.7478865e+00
  -3.7468378e-01
   1.0771558e+00
   3.5063215e-02
  -1.6799730e+00
  -7.8808047e-01
   2.4873763e+00
   5.5941706e+00
   9.3695294e-01
  -3.4130739e+00
   9.0388463e-01
  -3.8159963e+00
   5.4454704e+00
   1.4831391e+00
   3.7884331e+00
  -7.9786523e-02
  -2.0327574e+00
   1.0638785e+00
  -1.9972840e+00
   4.6289812e+00
  -6.0210152e+00
  -4.8450938e+00
  -5.6534737e+00
   3.9765519e+00
   5.1119144e+00
  -4.1034937e+00
   2.0598288e+00
   4.2270954e+00
   5.7644638e+00
  -4.3119031e+00
  -4.3171614e+00
   3.3130463e+00
   8.1898114e-01
  -4.1296533e+00
   4.8289252e+00
   2.7318844e+00
  -5.4235851e+00
  -1.1396169e+00
  -1.0893520e+00
  -2.6078682e+00
  -3.8819457e+00
  -2.6441431e+00
  -1.4040192e+00
   5.3046720e+00
   2.2884859e+00
  -4.1090353e+00
   5.2543499e+00
   2.8082867e+00
  -5.4380538e+00
  -4.8339518e+00
  -5.9636805e+00
  -8.1629967e-02
   5.2368247e+00
   4.6859360e-02
  -5.4009566e-01
  -5.5943296e+00
  -1.6345701e+00
   4.9791647e+00
  -5.3731952e+00
  -5.0985030e+00
  -5.0711559e+00
  -9.2036728e-01
  -5.2897977e+00
   4.9831330e+00
  -5.5171361e+00
  -9.1692166e-01
   5.8255557e+00
   3.6700831e+00
  -2.5192210e+00
  -6.6128756e-01
  -3.0701344e-01
   3.7181184e+00
  -3.0193142e+00
   3.1212487e+00
   2.3143916e+00
   1.3078733e-01
   1.4403847e+00
   3.9524034e+00
  -4.1041214e+00
  -4.4621928e+00
   1.6272917e+00
  -5.6145885e+00
  -2.3364636e+00
   5.0111688e+00
  -5.7665079e+00
   3.3018904e+00
  -1.6637734e+00
   3.2775512e+00
  -3.3667137e+00
  -4.4798231e+00
  -5.6184314e+00
   3.9824969e+00
  -9.6048001e-01
  -1.3663744e+00
  -4.8820330e+00
   3.4994721e+00
  -5.6118874e+00
  -1.2582170e+00
  -5.2863124e+00
   2.2129341e+00
   1.9086930e+00
   4.6850564e+00
   5.0153884e-01
   3.4923479e+00
   1.7381414e+00
  -3.0048088e+00
  -3.7274653e+00
  -1.8598872e+00
   2.7518398e+00
  -2.2978888e+00
   1.0349285e+00
   4.2350591e+00
   4.3361728e+00
   3.7107669e+00
   5.4049697e+00
   3.0175981e+00
   3.7476198e+00
   4.8044910e+00
  -3.9002666e-01
  -3.0540668e+00
  -2.7275702e+00
   2.2087347e+00
  -4.0349637e+00
  -1.4102157e+00
   5.7497318e+00
   3.0640112e+00
  -1.2359886e+00
  -5.2985196e+00
   5.5258032e+00
  -3.7044752e+00
  -1.4512270e+00
   4.4143942e+00
   6.0190365e+00
   3.5369530e+00
   5.4668398e+00
  -4.7841397e+00
   1.1555282e+00
   4.1135429e+00
  -4.3492330e+00
  -1.3117052e+00
  -3.9751302e+00
  -3.0114123e+00
  -1.6119292e+00
  -3.1110477e-01
  -2.2688372e+00
   5.6330470e+00
   7.0045064e-01
  -3.9060804e+00
   4.7665006e+00
  -4.1597321e+00
  -3.8733659e+00
   3.5569157e+00
  -2.7978456e+00
  -4.2252659e+00
  -1.8741770e-01
   4.2004964e+00
  -3.0858855e-01
   4.2327626e+00
   3.9026283e+00
   1.6978661e+00
   4.0500946e+00
  -5.5737616e+00
  -2.5007050e+00
   5.9031509e+00
   5.5987632e+00
   3.5025490e+00
   4.0730327e+00
  -2.5972797e+00
   2.9947074e+00
  -1.7796083e+00
   2.5723399e+00
  -5.5927894e+00
   5.5773322e+00
  -4.1105043e+00
  -1.1486178e+00
  -4.1767773e+00
   1.9031498e+00
  -3.9832739e+00
   5.4862272e+00
  -3.5352283e+00
   5.1810223e+00
  -3.7654105e+00
  -4.3768902e+00
   2.3864588e+00
   4.5649048e+00
   4.6777861e+00
   3.7114008e+00
  -4.4943147e-01
  -4.0044108e+00
  -5.0615311e-01
   5.5655563e+00
  -5.6738079e+00
  -2.4414869e+00
   3.5933144e+00
  -3.9950118e+00
   3.4582950e+00
   5.6974124e+00
  -3.3914693e+00
   4.6070854e+00
  -4.4054769e+00
   1.5396375e+00
  -4.3302124e+00
  -5.2086129e+00
   3.9782413e+00
  -4.0874081e+00
   3.5409282e+00
   2.2938852e+00
   4.4421278e+00
  -3.4558732e-02
   2.3841753e+00
   5.5407165e+00
  -2.5877841e+00
   1.9800833e-01
   5.7804500e+00
   3.0914142e+00
   8.2922220e-01
  -5.4618829e+00
  -2.3496389e+00
  -9.5938481e-01
   3.1065001e+00
   1.5747171e+00
   5.1833916e-01
  -4.5529925e+00
  -5.8638154e+00
   6.2951878e-01
  -1.5643444e+00
   3.7290324e+00
  -3.1586960e-01
   4.4443513e+00
  -4.9536751e+00
   2.3554150e+00
   5.3194585e+00
   5.5652030e+00
   5.8971411e-01
   4.6288218e+00
   3.4208336e-01
   3.6060954e+00
   4.1718075e+00
   1.3477034e+00
  -1.1332661e+00
   1.7003707e+00
  -5.4688991e-01
  -2.7625181e+00
   4.0681566e+00
  -5.7144028e+00
   5.3154047e+00
  -1.9459233e-01
   4.6324297e-01
  -1.2310120e+00
   5.5958075e-01
   3.6654971e-01
   5.3918236e-02
  -2.0314255e+00
   1.0440934e+00
   4.3972808e-01
  -1.4839786e-01
  -5.6257921e-02
   5.5949121e-01
   1.4444276e-02
  -1.8212328e+00
  -7.1091518e-01
   3.9995439e-01
   9.6042854e-01
  -2.2614714e-01
   5.4983223e-01
   8.2692464e-01
   2.2241992e+00
  -2.0861773e+00
  -5.5870492e-01
   1.0175317e-01
  -6.5930654e-01
  -8.1006926e-01
  -2.5411087e+00
  -8.9601660e-01
  -8.1055376e-01
  -3.2698234e-01
   1.2437276e+00
   3.8811642e-01
   1.5436823e+00
   4.3187353e-02
   3.3035054e-01
  -1.3754047e+00
  -1.2563500e+00
  -1.9618911e+00
   1.2501460e+00
  -5.7462776e-01
   1.0285348e-01
   1.8700921e-01
  -2.0877071e+00
  -1.5234725e+00
  -9.7838405e-02
  -1.2712464e+00
   9.3761989e-02
  -2.1097694e+00
  -9.7841178e-01
  -6.2835967e-01
   9.5137166e-01
   9.1906810e-01
  -3.4734750e-01
  -9.9004565e-01
  -9.3673840e-01
  -1.7914865e-01
   2.4416398e-01
   8.8053568e-01
  -2.1461121e-02
   2.6567517e-01
   1.6701249e+00
  -3.4137851e-01
  -7.8258736e-01
   2.2046589e+00
   1.0857205e+00
  -1.4692914e+00
   9.5985036e-01
  -7.2059840e-01
   9.4283211e-01
   8.4498416e-01
  -1.1596975e+00
  -1.2582028e-01
  -6.5490864e-01
  -1.4195353e+00
   5.8579202e-01
  -3.3213711e-01
  -9.1687445e-01
  -5.6645541e-01
   2.0730505e+00
   1.2444999e+00
  -2.0976905e-02
  -7.4905389e-01
  -2.4859551e-01
   5.6460544e-01
  -2.3893864e+00
  -5.1348398e-01
   2.1159957e+00
  -6.0983486e-01
   2.0766686e-01
  -1.4541211e+00
   1.0352809e-02
   6.4530538e-01
  -1.3876640e+00
  -9.5119308e-02
   1.0591659e+00
  -2.9449688e+00
  -2.6891278e+00
   9.6242286e-01
  -1.4233588e-01
   4.0039315e-01
  -4.2923599e-01
  -9.3979968e-01
  -1.7757729e-01
  -2.5241978e+00
   9.2753744e-01
   2.0270401e+00
  -7.4576811e-01
  -1.0335154e+00
   1.4658449e+00
   3.2555250e-01
  -1.9062894e+00
  -7.0822749e-01
  -9.4022664e-02
  -1.0325367e+00
  -7.4746303e-01
  -2.5372041e-01
  -4.1586141e-01
  -1.0546594e+00
   1.5608714e+00
   1.2913508e+00
  -1.2963698e-01
  -5.2049903e-01
  -3.6498572e-01
   1.9658637e+00
  -8.4550081e-01
  -1.1989200e+00
   2.6552145e-01
   2.0175418e+00
  -1.2862532e+00
  -1.3748595e+00
   1.0116535e+00
   4.5758798e-01
  -1.2472933e-01
  -5.7535004e-01
  -2.3136231e+00
  -8.1407225e-02
  -7.4910233e-01
   3.7484772e-02
   2.9899313e-01
   1.9585648e+00
  -3.8676797e-01
   1.8046978e+00
  -2.3592699e-01
   2.0209439e+00
   1.5045283e+00
   1.1530449e-01
   1.4011414e+00
   6.6111420e-01
  -1.3014047e-01
   2.7073547e+00
   1.8630342e+00
  -1.9818954e+00
   9.8111073e-02
   1.9916610e+00
  -9.5748205e-01
   6.6870864e-01
   2.7527417e+00
  -2.7268069e+00
  -2.7471102e+00
   9.5505048e-01
   8.4768457e-01
   9.3869201e-01
   3.5573450e-01
  -1.5487735e+00
  -1.8038513e-02
   4.1776107e-01
   1.2806904e+00
  -2.1171126e-01
   6.1988047e-02
  -9.8137547e-01
  -3.3741514e-01
  -1.0545393e+00
  -1.5569788e+00
   5.3015733e-01
  -1.0044108e-01
  -2.3367652e-01
  -7.5067787e-01
   2.0139992e+00
   1.7743913e+00
  -1.3055834e+00
  -1.2228403e-01
   2.6384259e+00
  -6.9891177e-01
   1.9892032e+00
   4.7090206e-01
  -4.2170121e-02
   1.4525325e+00
   2.6638758e+00
   2.1343612e+00
   5.2516000e-02
  -1.1301196e+00
  -4.1851897e-01
  -1.2842913e-01
   6.0419943e-03
  -6.4394427e-02
   6.3177442e-01
  -7.8918882e-01
   6.8270858e-01
   1.4200528e-03
   2.0585434e+00
  -8.3786180e-01
   1.4649837e+00
  -9.3623775e-02
  -6.2819112e-02
  -1.6616251e-01
  -5.8794612e-01
   3.2918823e-01
  -2.3481807e+00
   1.3099528e-01
   1.7961705e+00
  -1.7666780e-01
  -4.0622934e-01
   1.2453092e+00
   8.2851270e-01
   4.3345319e-01
   4.3765218e-02
  -1.5694283e+00
   9.0451723e-02
  -1.3437981e+00
  -1.8046930e+00
   8.4157017e-01
  -5.9271269e-01
  -1.3200417e+00
   2.0432775e-01
   3.7145285e-01
  -1.8300583e+00
   1.5794504e+00
  -8.0731801e-01
   2.0723229e+00
   5.9873169e-01
  -1.2019227e+00
  -7.7636750e-01
  -5.5566029e-01
   5.8961044e-01
   8.2557779e-02
  -1.3987720e-01
   7.5467230e-01
   2.5744514e-01
  -2.1754443e+00
  -1.3770723e+00
   1.5507644e-02
  -1.2680529e+00
   1.0536110e+00
   1.7639816e+00
  -9.1264195e-01
   2.1698791e+00
   1.4831750e+00
  -7.1220214e-01
  -4.5653105e-01
  -1.5639265e+00
   9.2690817e-01
   2.8124331e-01
  -1.7332697e+00
   2.7201270e-01
  -7.9412500e-01
  -2.5886457e+00
   3.4016199e-01
  -1.4783975e-01
  -1.4629828e-01
   2.0254842e+00
   1.2538728e+00
   1.4242232e+00
  -9.5282347e-01
   2.7279719e+00
  -2.1532066e+00
   8.8652904e-01
   1.5373450e-02
  -1.8569855e+00
  -1.5754622e+00
  -2.6420470e+00
  -1.3717806e+00
  -1.2259419e+00
   1.1273084e+00
   1.8800062e+00
  -1.4905546e+00
  -1.5341315e-01
  -9.4710429e-01
  -3.7264647e-01
   4.4086084e-01
  -4.7867916e-02
  -5.4110010e-01
  -5.9029360e-02
  -7.9529647e-01
   4.0171071e-01
  -2.7753566e+00
   1.4715043e+00
  -2.1728820e+00
  -1.5720666e+00
   2.2866509e+00
   6.6712222e-02
  -1.7142227e+00
  -1.6697616e+00
  -1.1103934e+00
  -1.6094425e+00
  -4.4763036e-01
   9.7577620e-01
   9.0867161e-01
  -6.0953523e-01
  -4.6892662e-01
   1.0929868e+00
   1.3374090e+00
  -1.3525238e+00
  -1.1063855e+00
  -4.5832115e-01
  -1.4983221e-01
  -4.1284472e-01
  -7.2461357e-01
   2.1133085e+00
  -8.9900187e-03
  -4.8895799e-01
  -2.3588267e+00
   1.2422432e+00
  -2.7650171e+00
  -1.1461144e-01
   5.5045770e-02
   5.9900415e-01
   1.6858677e+00
  -6.5537974e-01
  -1.0716790e-01
  -1.5426008e+00
   7.6856741e-01
   2.1689796e+00
  -1.1886854e+00
   7.0321392e-01
   2.7762623e+00
   9.0696432e-03
  -2.3848759e+00
   8.0760232e-01
   1.0587531e+00
   8.9322333e-01
   5.2417667e-02
  -1.4740182e+00
   1.1955658e+00
  -2.6698920e-02
  -4.8975159e-01
   7.3774075e-01
   1.0271424e+00
  -8.5863166e-01
   2.4195453e+00
   7.1381662e-01
   1.0792407e+00
   5.9398093e-01
   1.1693935e+00
   2.2897446e+00
  -1.9624137e+00
  -2.3239218e+00
  -1.3274354e+00
  -5.2944604e-02
  -3.8353680e-02
  -2.0441659e+00
   3.3586963e-01
   2.1373124e+00
   8.4358210e-01
   5.8344215e-01
   1.0226119e-01
   1.3022142e-01
   1.0743633e+00
  -1.7477222e+00
  -1.1965090e+00
  -3.0221397e-01
  -2.7063049e+00
  -1.2629348e+00
  -4.4678245e-02
  -1.2855898e+00
  -1.3273929e+00
   1.0659392e-01
   1.2272015e+00
  -1.4324734e+00
  -1.6999460e+00
   5.4810852e-04
   2.9296980e-01
   5.6573627e-03
   9.7127073e-01
   5.3125587e-01
  -1.4442541e+00
   9.4192189e-01
  -7.1001768e-01
   1.7766932e+00
  -1.2490517e-01
  -1.3181883e+00
   2.1415640e+00
   1.3563959e-01
   7.7567221e-01
   1.1887349e+00
   2.3434890e+00
  -2.0822731e+00
  -1.1302440e+00
  -1.7098248e-01
  -2.1843577e-01
  -2.1380678e+00
  -3.4341536e-01
   2.5005555e+00
  -1.7791984e+00
   2.9418335e+00
  -1.9756419e+00
   1.5591442e-02
  -1.9865933e-01
   2.5213399e+00
   3.2098877e-01
   1.8967823e+00
   2.2373664e+00
  -1.9596928e+00
   1.5167523e+00
   2.1418439e-01
   4.1990483e-02
  -1.9807361e-01
   2.4111520e+00
   7.9054557e-01
  -2.4806446e+00
  -2.0518497e+00
  -2.3602419e+00
  -3.4339347e-01
  -6.0529626e-01
   4.3361259e-01
   2.1600272e+00
  -9.3136778e-01
  -8.8064645e-01
  -1.5568731e+00
  -1.7575969e-01
  -1.5241772e-01
  -1.8186281e+00
   2.3534135e-01
   3.9516176e-01
   5.3483677e-03
  -2.8997633e+00
   2.2450034e-01
  -1.0595008e+00
  -5.7970960e-02
  -1.7784278e+00
   7.2639881e-01
  -1.3069257e+00
  -2.7990178e+00
  -1.9161616e+00
   1.2304940e+00
  -1.8475786e-01
  -2.6891647e-01
  -1.4912202e+00
  -6.1016706e-01
   2.0049302e+00
   1.0111251e-01
   2.3885575e-01
  -3.6056416e-01
  -1.0486744e+00
   2.1666253e+00
  -1.6976951e+00
   6.3621339e-01
  -1.5682929e+00
   6.3576414e-01
   9.4546747e-01
   3.1523952e-01
  -7.4135232e-01
   1.9618742e+00
   1.9668583e+00
  -9.1737353e-01
  -6.9706380e-01
  -1.0370359e+00
  -2.3210263e+00
  -2.2107150e+00
   2.5854454e+00
   1.0889744e+00
   4.5100752e-02
   1.2648477e+00
  -9.7158959e-02
  -2.9449126e-01
  -2.0691886e+00
  -1.4988353e-01
  -2.5925434e+00
  -2.6550118e-01
   6.8314367e-02
  -6.3319749e-01
   2.5039287e-01
  -8.2182359e-01
  -2.3143282e+00
   1.4134005e-01
  -1.0116850e+00
   6.9270417e-02
   1.9489396e+00
   3.2812883e-01
  -6.0278865e-01
   6.1622166e-01
  -1.0017201e+00
  -4.1917490e-02
   4.6939723e-01
  -2.5337598e+00
  -2.3144321e+00
   7.1966071e-01
  -2.1021539e+00
  -5.7739225e-03
  -1.0639736e+00
   9.8408188e-01
  -1.1363636e+00
   1.8587315e+00
  -2.9564129e+00
   3.9753210e-02
   1.6754491e+00
   3.4264047e-01
  -3.3718828e-01
  -1.8344280e+00
   3.9905581e-01
  -6.8956682e-02
   9.9730633e-01
   2.2239978e+00
  -2.1542845e+00
   3.1187265e-01
  -9.2319501e-01
  -2.2297503e+00
   2.4079656e+00
   1.1206597e+00
  -1.6768232e+00
   3.3359437e-01
  -1.6649182e-01
   2.1459918e+00
   1.9284930e-01
   1.0333347e+00
  -1.4079376e+00
  -1.3882341e-02
   8.6321725e-01
  -1.8436259e+00
  -1.8233219e+00
  -6.5701146e-01
  -2.0056226e+00
   5.5630537e-02
  -1.0767003e+00
   4.5048276e-01
   1.1480525e+00
   1.0187765e+00
  -5.0936194e-01
   2.3117178e-01
  -1.2259298e+00
   2.5407271e+00
  -9.3355989e-01
   4.4344100e-01
   1.4659509e+00
  -8.0205145e-01
  -7.6220794e-02
  -2.7943930e+00
  -1.5784931e+00
  -7.1401381e-01
  -2.3955245e-01
  -9.5504965e-01
   3.1183046e-02
   1.4622150e+00
   2.4825337e+00
   8.1745421e-01
  -1.4371701e-01
   1.2085000e+00
   1.6444286e-01
  -2.0242733e+00
   5.9623986e-02
   8.7011660e-01
   2.1739953e+00
   1.0042660e+00
   2.4225353e+00
  -4.7185726e-01
   2.3087978e+00
   2.4599415e-01
   8.7988409e-01
  -2.4107403e-02
  -2.5460532e+00
   2.4173376e+00
   7.8123378e-01
  -4.5067870e-01
  -1.0463311e+00
   1.0925674e+00
  -7.7554149e-01
   4.3051301e-01
   3.5359744e-02
   1.3812353e+00
   9.6164386e-01
  -9.8433075e-02
   1.6328629e+00
  -1.3551113e+00
   4.6531859e-01
   2.1523511e+00
  -2.4261029e+00
   1.6917918e+00
   1.0797011e+00
  -1.6894482e+00
  -9.5377904e-01
   2.0983030e-01
   2.1755584e-01
   2.6217005e+00
   8.5961257e-02
  -1.9465803e+00
  -1.3534388e+00
   1.0251733e-02
  -1.6997331e+00
  -1.0194415e+00
   4.1483180e-01
  -1.0286261e+00
  -1.9696998e+00
   2.1006761e-01
   2.4389960e+00
  -1.7174103e+00
   1.0590179e+00
   5.4523720e-01
  -4.2194771e-01
  -2.6859595e+00
  -1.2148006e+00
  -5.3204518e-03
   8.0218857e-01
  -3.4273905e-02
  -7.0580501e-02
  -1.1124413e+00
   2.9167386e-01
  -2.2569673e+00
   1.4117954e+00
   8.7483073e-03
   3.2997355e-01
  -8.0784433e-01
  -1.1733371e+00
   7.1639375e-01
  -1.0378703e+00
  -4.8009660e-01
  -1.0087710e+00
   6.2400688e-02
   1.0773740e-01
  -1.6598333e+00
   5.2326717e-02
  -2.3220727e+00
   2.8089198e-01
   2.6994457e+00
   1.1162034e+00
   1.8134302e-02
   6.8651288e-01
  -4.8570024e-01
   2.3134466e+00
   4.1670125e-01
  -6.6144248e-03
   9.1067511e-01
   1.4824226e-01
  -1.2220665e+00
   5.4877317e-01
   1.9623421e+00
  -6.7760944e-01
   7.2378314e-02
  -2.8608654e-01
  -3.8273704e-01
   2.3781291e-02
  -7.4056823e-02
  -2.3941725e-01
   6.8615684e-01
  -1.2973078e+00
  -4.9079622e-01
   1.6057767e-02
   1.1038275e+00
   5.7440452e-01
   2.7101498e+00
  -3.5552374e-01
  -5.6297698e-01
  -1.7568315e+00
   2.3373449e+00
  -1.4152316e+00
   1.4206029e-01
  -1.7787687e+00
   1.7728353e-01
  -8.1790665e-01
   2.4489263e+00
   8.4056361e-01
  -9.5614948e-01
  -2.1465427e-01
  -3.9770286e-01
   2.3542855e+00
  -2.2722321e+00
   6.1779882e-01
  -2.8124930e+00
  -6.6640289e-01
  -4.9599532e-02
  -1.0229995e+00
   9.1013537e-01
  -3.8930180e-02
  -4.5197809e-01
  -2.8017881e+00
  -2.7809482e+00
  -6.1007065e-02
   2.1188987e+00
   2.3130737e+00
   2.0169239e+00
  -1.2513100e+00
   1.1315845e+00
  -1.4988984e-02
   1.3928478e+00
  -1.3492472e+00
  -1.4514373e+00
  -1.5609204e-01
   3.5978169e-01
  -1.3289839e+00
  -6.5753318e-01
  -4.0831891e-01
  -6.8450156e-01
   6.9290093e-01
   2.2581340e-01
   9.3780817e-02
   1.1493106e+00
   1.2719170e-01
   2.8853156e+00
   2.5623551e+00
   5.2175328e-02
   4.3942522e-02
   9.9027057e-01
  -7.0722152e-01
  -2.4914552e+00
  -7.2788632e-01
  -3.2001060e-01
  -1.2338117e+00
   7.9909220e-01
   7.1256871e-01
  -2.4548353e-01
   2.6176617e+00
   1.7948361e-01
  -5.1313420e-01
  -2.7987215e-01
   1.3717842e+00
   1.2494999e+00
  -1.4496041e+00
   1.8489919e-01
  -9.9613019e-01
  -1.5339346e+00
  -4.6343696e-01
  -2.0573834e+00
  -2.2655160e+00
  -3.6107670e-01
  -1.8925336e+00
   7.4670487e-01
  -8.4859998e-01
   1.6547419e+00
  -1.7694586e+00
   1.8738711e-02
  -1.3569789e+00
   3.4158478e-01
  -1.2892936e+00
  -1.8536094e+00
  -2.3986396e+00
  -3.6829872e-01
  -1.1162127e-01
   6.4784339e-01
  -2.3450980e+00
   8.1786154e-01
   1.6242938e-01
  -8.3483188e-01
  -9.8465513e-02
  -1.8580354e+00
   4.2599460e-01
   1.7877247e+00
  -3.6125337e-01
  -6.3966589e-01
   2.6855195e+00
   3.5825908e-01
  -1.7885153e-01
  -1.5579345e-01
   3.3536278e-01
  -1.2246712e-01
  -2.4643539e+00
  -2.4589061e+00
  -2.3614940e+00
   2.3166040e+00
   1.8638043e-01
   2.3942632e-03
  -2.8272551e+00
   2.9343557e+00
   3.5434533e-01
   1.1257101e+00
  -7.7324962e-02
  -6.1717062e-01
   6.7138983e-02
   1.8151180e-01
   1.4340055e+00
  -3.3733640e-01
   5.2438270e-01
   2.4903320e+00
   6.3805258e-01
  -2.0760458e+00
  -2.1235032e-01
   6.5394521e-01
  -1.9989622e+00
   1.3511650e-01
  -1.6204220e+00
  -1.6653591e+00
   5.9522676e-01
  -2.3971170e+00
  -7.5949910e-01
  -3.8256583e-01
   1.4370421e+00
  -6.0772662e-01
   4.0137324e-01
  -1.5108326e+00
   2.3247209e+00
   8.9765448e-01
   1.1063782e+00
   1.6135432e+00
  -8.1705894e-01
   3.8253427e-01
   3.2747272e-01
  -1.2848565e+00
  -8.0546237e-01
  -3.3618756e-01
  -9.4469783e-02
   1.6614353e+00
   3.5201296e-01
  -8.3096708e-01
   2.5002305e+00
   6.0393845e-01
  -1.0966882e+00
  -7.0876628e-01
  -2.1585061e+00
  -7.0635011e-01
   5.9522463e-01
   2.6002618e-03
  -5.7025902e-02
  -1.4156489e+00
   2.5511428e+00
   2.5276724e+00
  -1.1125898e+00
  -1.9212684e+00
  -1.6088295e+00
   1.9355851e-01
  -2.1868829e+00
   5.7248350e-01
  -1.0038324e+00
   1.8032512e+00
   1.6001991e+00
  -2.1750265e+00
   7.8711447e-02
  -1.4689631e-01
   7.8949202e-02
   1.1770002e-01
   4.3542125e-02
  -1.2902859e+00
   4.6720890e-01
   2.8374596e-02
   9.1962781e-01
  -2.3678863e+00
   1.7445932e+00
  -2.3345615e+00
   2.5024649e-01
  -1.2006607e+00
   8.9106862e-01
   1.7820768e+00
  -1.4943738e+00
   6.7924562e-01
  -4.2945826e-01
   1.6404228e+00
   2.7464304e-01
  -1.5912498e-01
  -1.9468354e+00
  -2.2921724e+00
   2.4485529e+00
  -2.9894818e-01
  -1.6735912e+00
  -3.8606489e-01
  -1.4641625e+00
   1.1981898e-01
  -5.6205056e-01
   5.7449342e-01
   1.5171146e-01
  -6.2370484e-02
  -1.9428027e-01
   2.0602709e+00
  -1.7039678e+00
  -9.2694498e-01
  -7.4051841e-02
   3.2170966e-02
  -2.0900377e+00
   4.3817288e-01
  -1.5395073e+00
  -1.6661823e+00
  -1.3936535e+00
   6.0438301e-01
   1.3085742e+00
  -2.5506589e-01
  -1.3624165e+00
   2.9940726e-01
  -6.7605277e-01
   2.7223927e+00
   3.5814355e-01
   4.2352261e-01
  -1.3315762e-01
   1.8433072e+00
   1.5501956e+00
  -2.5807390e-01
   4.1128278e-01
  -2.2871812e+00
   1.0741697e+00
   1.8109448e+00
   8.4226070e-01
   1.1020183e+00
   1.8795843e+00
   6.3837708e-01
   1.5024073e+00
  -9.1720425e-01
  -2.9469098e+00
   1.0840363e-01
  -2.6897779e-01
   8.1610926e-01
  -1.0417498e-01
  -5.6939893e-01
   2.8272066e-02
  -1.4516728e-02
  -2.6961175e+00
   1.1998294e+00
  -2.2279184e+00
   1.2509491e+00
  -3.4159634e-01
   1.4206843e+00
   1.1078908e+00
  -3.5429652e-01
   1.2619083e-01
   4.9457051e-01
  -1.8852038e-02
  -1.7028045e+00
  -4.0619092e-02
  -2.8967832e-01
   1.1342442e+00
   1.2708387e+00
   2.2250325e+00
  -1.1849051e+00
  -2.6451973e+00
   1.7371718e+00
   2.0882854e+00
  -2.3988061e+00
  -6.7152033e-01
  -1.5715651e+00
   6.2291269e-01
   4.5412007e-01
   1.4799685e+00
  -1.3652837e+00
   1.3976610e+00
   8.0854517e-01
   6.7219496e-02
   1.2357879e+00
  -1.7235579e-01
   2.0364602e+00
   2.3614189e+00
   6.8088357e-01
   1.2231721e+00
  -1.7834178e+00
   1.0910157e+00
  -9.3577795e-01
   1.5185679e-01
  -6.2699299e-01
  -1.8667336e+00
  -6.9458701e-02
   3.7861416e-01
  -2.5774624e+00
   1.1403510e+00
  -1.5784097e+00
  -1.9934119e+00
  -2.8997783e-01
   1.6767298e+00
   6.2681222e-01
   1.3384192e+00
   1.1058790e+00
   9.7661204e-01
   8.5796324e-02
   4.4774536e-01
  -1.8491995e+00
  -4.3577804e-01
   5.3408105e-01
  -1.3009600e+00
   5.9615517e-01
   5.2591264e-01
  -1.1851008e+00
   1.1646782e+00
   3.5955742e-01
   1.9512481e+00
  -1.2692020e-01
  -2.1999896e+00
   1.5422345e+00
   2.3152121e+00
   4.4345050e-01
  -1.1273485e+00
   1.8489638e-01
  -1.5781974e-01
  -5.4809936e-01
  -2.8520680e+00
   1.1735320e-01
   9.1566690e-01
  -1.9167999e+00
   2.4636499e-02
  -2.1581305e+00
  -2.2615989e+00
   1.8342428e+00
  -1.1530975e+00
  -5.5252796e-01
  -8.6996302e-01
   1.0376997e+00
   1.4537473e+00
   2.6132091e+00
  -1.3296779e-01
  -2.7148245e+00
   6.2052921e-01
  -1.1165251e+00
   2.8241308e-01
  -1.1984685e-01
  -2.2708605e-01
   2.8159772e+00
  -1.5948078e+00
  -2.0646299e+00
  -1.4533101e+00
   7.5139585e-01
  -4.3618311e-02
  -1.4575194e-01
  -1.6708436e-01
